<?xml version="1.0"?>
<opencv_storage>
<K-07-mar-2008-07h55m38s type_id="opencv-matrix">
  <rows>3</rows>
  <cols>3</cols>
  <dt>d</dt>
  <data>
    715.2950280690037062 0. 325.3163348283422351 1.4116002340944370e-16
    715.2950280690037062 235.8753420354274795 3.8726601262649340e-17
    -6.2106702324075944e-19 1.</data></K-07-mar-2008-07h55m38s>
</opencv_storage>
