<?xml version="1.0"?>
<opencv_storage>
<img019_H_mat type_id="opencv-matrix">
  <rows>3</rows>
  <cols>3</cols>
  <dt>d</dt>
  <data>
    0.0492902159399066 -2.3101414504079661e-003 0.9922911743527021
    2.8251131225774651e-004 0.0497962736651784 -0.0888708153228327
    -1.9629867622800504e-006 -1.6689117548341268e-006 0.0504538665956253</data></img019_H_mat>
</opencv_storage>
