<?xml version="1.0"?>
<opencv_storage>
<img028_H_mat type_id="opencv-matrix">
  <rows>3</rows>
  <cols>3</cols>
  <dt>d</dt>
  <data>
    0.1726205305856163 -5.4132721203126117e-003 -0.5797492010444809
    3.8008054570930563e-004 0.1769971560406008 -0.7564172932894151
    -7.0795696565451860e-006 2.8623806092642965e-006 0.1748383637543466</data></img028_H_mat>
</opencv_storage>
