<?xml version="1.0"?>
<opencv_storage>
<img022_H_mat type_id="opencv-matrix">
  <rows>3</rows>
  <cols>3</cols>
  <dt>d</dt>
  <data>
    0.0383977041490642 -2.7868664902337241e-003 0.8319610132770937
    9.7694675132130879e-004 0.0392107742614471 -0.5507429213260056
    -9.7518792116202376e-007 3.6345890004493868e-007 0.0387623198902677</data></img022_H_mat>
</opencv_storage>
