<?xml version="1.0"?>
<opencv_storage>
<img014_H_mat type_id="opencv-matrix">
  <rows>3</rows>
  <cols>3</cols>
  <dt>d</dt>
  <data>
    0.1061114331794462 -3.4592462470249170e-003 0.5335453183546207
    1.6665360008998600e-003 0.1067715210147388 -0.8255553159778296
    -1.3208036758869280e-006 -1.9436527385039989e-007 0.1054195230628228</data></img014_H_mat>
</opencv_storage>
