<?xml version="1.0"?>
<opencv_storage>
<img008_H_mat type_id="opencv-matrix">
  <rows>3</rows>
  <cols>3</cols>
  <dt>d</dt>
  <data>
    0.1101731284454311 -1.5306155820092797e-003 0.8531920673439111
    1.1022801322575956e-004 0.1104274301219604 -0.4852707353243082
    -1.9073570171661709e-006 -7.4258447324169037e-007 0.1106386874740038</data></img008_H_mat>
</opencv_storage>
