<?xml version="1.0"?>
<opencv_storage>
<img027_H_mat type_id="opencv-matrix">
  <rows>3</rows>
  <cols>3</cols>
  <dt>d</dt>
  <data>
    0.0964531265275213 -3.8610164516574234e-003 0.8043108153301183
    -7.2399572603197668e-004 0.0976254933918869 -0.5697054114001915
    -3.9384177917585537e-006 -1.3057545287314160e-006 0.0983386106894341</data></img027_H_mat>
</opencv_storage>
