<?xml version="1.0"?>
<opencv_storage>
<img023_H_mat type_id="opencv-matrix">
  <rows>3</rows>
  <cols>3</cols>
  <dt>d</dt>
  <data>
    0.0571621954001473 -3.7944778376515619e-003 0.9938319646241188
    1.1394347359132177e-003 0.0577126200409460 -0.0478149108071458
    -1.7711267816036636e-006 -1.2035618637882421e-006 0.0582906589665136</data></img023_H_mat>
</opencv_storage>
