<?xml version="1.0"?>
<opencv_storage>
<img025_H_mat type_id="opencv-matrix">
  <rows>3</rows>
  <cols>3</cols>
  <dt>d</dt>
  <data>
    0.0644062446363173 -4.2397514726431268e-003 0.7753654597675505
    5.9499928977288009e-004 0.0648004205873710 -0.6213634824516974
    -2.4924820905280275e-006 -9.2857478645951506e-007 0.0659563347580924</data></img025_H_mat>
</opencv_storage>
