<?xml version="1.0"?>
<opencv_storage>
<img021_H_mat type_id="opencv-matrix">
  <rows>3</rows>
  <cols>3</cols>
  <dt>d</dt>
  <data>
    0.0526807813542631 -1.8862697243666670e-003 0.7697451332444956
    6.7034530998253468e-004 0.0533363196218878 -0.6317274720830093
    -1.3348461547520886e-006 3.3160289578258840e-007 0.0528090500664542</data></img021_H_mat>
</opencv_storage>
