<?xml version="1.0"?>
<opencv_storage>
<img024_H_mat type_id="opencv-matrix">
  <rows>3</rows>
  <cols>3</cols>
  <dt>d</dt>
  <data>
    0.1396079383400396 -5.2439315853529036e-003 0.6270381953986074
    2.4324733203568141e-003 0.1414627921679975 -0.7404897900024343
    -1.3923783213332982e-006 7.6922319972171426e-006 0.1377042431875316</data></img024_H_mat>
</opencv_storage>
