<?xml version="1.0"?>
<opencv_storage>
<img007_H_mat type_id="opencv-matrix">
  <rows>3</rows>
  <cols>3</cols>
  <dt>d</dt>
  <data>
    0.1086475889244006 -5.9337364150230387e-004 -0.5644565285431998
    -2.9568427844190224e-004 0.1089966145532462 -0.8037217583338211
    -2.5142783966214330e-007 1.1505453802305518e-007 0.1083289549522597</data></img007_H_mat>
</opencv_storage>
