<?xml version="1.0"?>
<opencv_storage>
<img016_H_mat type_id="opencv-matrix">
  <rows>3</rows>
  <cols>3</cols>
  <dt>d</dt>
  <data>
    0.2021119372141745 -3.1469066489342988e-003 -0.0200185878120154
    -3.0898667551571501e-004 0.2026173880886599 0.9363873205598436
    -3.6829972706151240e-006 -8.3660281361724445e-007 0.2021509396662431</data></img016_H_mat>
</opencv_storage>
