<?xml version="1.0"?>
<opencv_storage>
<img026_H_mat type_id="opencv-matrix">
  <rows>3</rows>
  <cols>3</cols>
  <dt>d</dt>
  <data>
    0.0572592334785141 -3.9949717495870642e-003 0.7852362949864429
    3.9163152091274434e-004 0.0579430485415609 -0.6109321432497469
    -2.7360486565609561e-006 -2.3194595094771510e-006 0.0592768715436625</data></img026_H_mat>
</opencv_storage>
