<?xml version="1.0"?>
<opencv_storage>
<img018_H_mat type_id="opencv-matrix">
  <rows>3</rows>
  <cols>3</cols>
  <dt>d</dt>
  <data>
    0.1122128819065448 -3.2568443349856430e-003 0.9741716683493541
    -3.1628474084992937e-004 0.1128861345433262 0.1127733270722669
    -2.6463213458694113e-006 -3.0658452939460886e-006 0.1136926557044009</data></img018_H_mat>
</opencv_storage>
