<?xml version="1.0"?>
<opencv_storage>
<img017_H_mat type_id="opencv-matrix">
  <rows>3</rows>
  <cols>3</cols>
  <dt>d</dt>
  <data>
    0.0843235687795935 -6.8348201436966563e-004 0.9301777901336221
    -7.2647878232024495e-004 0.0858369287600155 -0.3363092483845809
    -2.7101644898660320e-006 1.5891150789106631e-006 0.0847698689010157</data></img017_H_mat>
</opencv_storage>
