<?xml version="1.0"?>
<opencv_storage>
<img000_H_mat type_id="opencv-matrix">
  <rows>3</rows>
  <cols>3</cols>
  <dt>d</dt>
  <data>
    0.5179348966507090 -1.0836914159645732e-003 0.4144018458271244
    1.3745234106953642e-004 0.5170382430559060 0.1524770833366194
    -1.2382476538633822e-006 -1.8140028545150878e-006 0.5190718196899695</data></img000_H_mat>
</opencv_storage>
