<?xml version="1.0"?>
<opencv_storage>
<img013_H_mat type_id="opencv-matrix">
  <rows>3</rows>
  <cols>3</cols>
  <dt>d</dt>
  <data>
    0.0804297384250324 -2.0383124013510930e-003 0.3471179080696558
    1.0982277944372966e-003 0.0807140171878924 -0.9274688649356189
    -5.9576289643608248e-007 3.1262552297623980e-007 0.0795085294573329</data></img013_H_mat>
</opencv_storage>
