<?xml version="1.0"?>
<opencv_storage>
<img010_H_mat type_id="opencv-matrix">
  <rows>3</rows>
  <cols>3</cols>
  <dt>d</dt>
  <data>
    0.1064515537728932 -1.3880365394971128e-003 -0.9479161340096582
    1.3367246256587931e-003 0.1061655356069163 -0.2611751092233909
    2.1369655429489312e-006 2.3866773771520635e-006 0.1031300027467479</data></img010_H_mat>
</opencv_storage>
