<?xml version="1.0"?>
<opencv_storage>
<img001_H_mat type_id="opencv-matrix">
  <rows>3</rows>
  <cols>3</cols>
  <dt>d</dt>
  <data>
    0.3289474985116343 -5.1501007244731376e-004 0.5308847907743141
    -4.7758347015105216e-004 0.3288288249614141 0.6270811589266918
    -1.4529031387509430e-006 9.7051683920348469e-009 0.3295378776675714</data></img001_H_mat>
</opencv_storage>
