<?xml version="1.0"?>
<opencv_storage>
<img002_H_mat type_id="opencv-matrix">
  <rows>3</rows>
  <cols>3</cols>
  <dt>d</dt>
  <data>
    0.0949600432782829 -1.6290055446770057e-004 -0.2023646975069343
    -2.8800935690345437e-004 0.0943312842605784 0.9654360323764123
    -2.3560153494356721e-008 -1.6506411026763242e-006 0.0952149467985431</data></img002_H_mat>
</opencv_storage>
