<?xml version="1.0"?>
<opencv_storage>
<img005_H_mat type_id="opencv-matrix">
  <rows>3</rows>
  <cols>3</cols>
  <dt>d</dt>
  <data>
    0.1427192735826984 2.8753269015065620e-004 0.4748767393253799
    2.1324425284258868e-004 0.1424818102691463 -0.8447628882664182
    -7.3572773594588055e-007 2.0916030428166442e-006 0.1421188220921248</data></img005_H_mat>
</opencv_storage>
