<?xml version="1.0"?>
<opencv_storage>
<img006_H_mat type_id="opencv-matrix">
  <rows>3</rows>
  <cols>3</cols>
  <dt>d</dt>
  <data>
    0.0902694834579571 -8.3619331327735235e-004 -0.1397065751609366
    5.2700685281557196e-004 0.0903043935100664 -0.9778091309059452
    3.7435707897313281e-008 9.8769170875346130e-007 0.0898161248680744</data></img006_H_mat>
</opencv_storage>
