<?xml version="1.0"?>
<opencv_storage>
<img003_H_mat type_id="opencv-matrix">
  <rows>3</rows>
  <cols>3</cols>
  <dt>d</dt>
  <data>
    0.1852730936966437 -1.4504556607223148e-003 0.5436534403024632
    -5.6062580163662181e-004 0.1852372020866470 0.7750786666877786
    -2.0248594111483296e-006 -2.4265493624387708e-006 0.1872234997938968</data></img003_H_mat>
</opencv_storage>
