<?xml version="1.0"?>
<opencv_storage>
<img004_H_mat type_id="opencv-matrix">
  <rows>3</rows>
  <cols>3</cols>
  <dt>d</dt>
  <data>
    0.1544281371773164 -1.4605485296797461e-003 0.9036412555037742
    -2.3958143189737729e-004 0.1553053718811934 -0.3332427898513318
    -1.9209102412960146e-006 -9.8239543347346957e-007 0.1562425219667394</data></img004_H_mat>
</opencv_storage>
