<?xml version="1.0"?>
<opencv_storage>
<img020_H_mat type_id="opencv-matrix">
  <rows>3</rows>
  <cols>3</cols>
  <dt>d</dt>
  <data>
    0.0403014380300777 -1.6818656341420410e-003 0.9516505820086537
    2.5850673957521165e-004 0.0410235951550573 -0.2989484668062951
    -1.6390242458060832e-006 -1.6122032080696282e-007 0.0409993559651840</data></img020_H_mat>
</opencv_storage>
