<?xml version="1.0"?>
<opencv_storage>
<img012_H_mat type_id="opencv-matrix">
  <rows>3</rows>
  <cols>3</cols>
  <dt>d</dt>
  <data>
    0.0742346174052593 -1.1125221292067366e-003 0.1979574018808826
    4.9880399979030754e-004 0.0747692264249267 -0.9717723579929937
    -3.7178144114678922e-007 8.8998623337034958e-007 0.0732710661036969</data></img012_H_mat>
</opencv_storage>
