<?xml version="1.0"?>
<opencv_storage>
<img009_H_mat type_id="opencv-matrix">
  <rows>3</rows>
  <cols>3</cols>
  <dt>d</dt>
  <data>
    0.3152039614815438 -4.1592650706386699e-003 -0.7578702408971195
    1.4764799549133850e-004 0.3141605173775272 0.3597534024358244
    -6.2778577772703751e-007 -4.3087851583673725e-006 0.3132770308863990</data></img009_H_mat>
</opencv_storage>
