<?xml version="1.0"?>
<opencv_storage>
<img011_H_mat type_id="opencv-matrix">
  <rows>3</rows>
  <cols>3</cols>
  <dt>d</dt>
  <data>
    0.2750422810901838 -6.2357167623528558e-003 -0.5252539819592613
    3.4989738574711876e-003 0.2762819320428260 0.7059725783254603
    2.6590341170887436e-007 2.0222228820779259e-006 0.2714403870872525</data></img011_H_mat>
</opencv_storage>
