<?xml version="1.0"?>
<opencv_storage>
<img015_H_mat type_id="opencv-matrix">
  <rows>3</rows>
  <cols>3</cols>
  <dt>d</dt>
  <data>
    0.1810842898009612 -7.1003434652536683e-003 -0.8940294637180444
    2.7765229877275842e-003 0.1805941693027823 -0.3206168805989292
    -6.7111883097371893e-007 -4.5022044459905269e-006 0.1801450412923189</data></img015_H_mat>
</opencv_storage>
