<?xml version="1.0"?>
<opencv_storage>
<SIFT_H_022_021 type_id="opencv-matrix">
  <rows>3</rows>
  <cols>3</cols>
  <dt>d</dt>
  <data>
    0.0380833461889259 -2.4329022640564003e-003 0.9465493067571766
    4.4169830462814511e-004 0.0383491256027031 -0.3156024579267862
    -9.9894328200913839e-007 -1.2897379080646131e-006 0.0388894281670748</data></SIFT_H_022_021>
</opencv_storage>
