<?xml version="1.0"?>
<opencv_storage>
<SIFT_H_006_005 type_id="opencv-matrix">
  <rows>3</rows>
  <cols>3</cols>
  <dt>d</dt>
  <data>
    0.1047313501751283 -8.1125362671909584e-004 0.8553075452672644
    -2.4320263931787764e-004 0.1052156870397551 -0.4850039076427281
    -1.9952638488272360e-006 5.8105431235315313e-007 0.1057378777313411</data></SIFT_H_006_005>
</opencv_storage>
