<?xml version="1.0"?>
<opencv_storage>
<SIFT_H_023_022 type_id="opencv-matrix">
  <rows>3</rows>
  <cols>3</cols>
  <dt>d</dt>
  <data>
    0.0518807123873419 -1.8749611664558852e-003 0.3986389947716328
    1.3851392396725811e-003 0.0531966362180266 -0.9127219690893722
    3.4442317739377095e-007 6.0085958941703511e-006 0.0499863425351306</data></SIFT_H_023_022>
</opencv_storage>
