<?xml version="1.0"?>
<opencv_storage>
<SIFT_H_005_004 type_id="opencv-matrix">
  <rows>3</rows>
  <cols>3</cols>
  <dt>d</dt>
  <data>
    0.1047308577414952 1.5034562502669469e-003 -0.5709561058959718
    8.8962245110362013e-004 0.1045790244730798 -0.8010299784448223
    1.8232750463017054e-006 2.9694937492811893e-006 0.1022336638727233</data></SIFT_H_005_004>
</opencv_storage>
