<?xml version="1.0"?>
<opencv_storage>
<SIFT_H_016_015 type_id="opencv-matrix">
  <rows>3</rows>
  <cols>3</cols>
  <dt>d</dt>
  <data>
    0.3553539818310943 -0.0146050230860851 0.0468670256101914
    3.8838316973883688e-003 0.3559541735673606 0.7834810859260247
    -8.9264966244703977e-006 -1.0728561873894103e-005 0.3615973627954318</data></SIFT_H_016_015>
</opencv_storage>
