<?xml version="1.0"?>
<opencv_storage>
<SIFT_H_019_018_optimized type_id="opencv-matrix">
  <rows>3</rows>
  <cols>3</cols>
  <dt>d</dt>
  <data>
    0.2810788842621564 -4.0648900755978976e-003 0.8513810407178319
    -2.5908578176323877e-004 0.2824675360177659 -0.1939430365851875
    -4.0855521331812704e-006 -7.6385695097305484e-007 0.2805825787718954</data></SIFT_H_019_018_optimized>
</opencv_storage>
