<?xml version="1.0"?>
<opencv_storage>
<SIFT_H_028_027_optimized type_id="opencv-matrix">
  <rows>3</rows>
  <cols>3</cols>
  <dt>d</dt>
  <data>
    0.0910947197329518 -3.9787212030089466e-003 0.8669479075781151
    -7.0797706284987313e-004 0.0920292186849190 -0.4721817753391379
    -3.7726070170434092e-006 -1.7492133676660781e-006 0.0930684697268677</data></SIFT_H_028_027_optimized>
</opencv_storage>
