<?xml version="1.0"?>
<opencv_storage>
<SIFT_H_007_006_optimized type_id="opencv-matrix">
  <rows>3</rows>
  <cols>3</cols>
  <dt>d</dt>
  <data>
    0.0902694835415010 -8.3619325714509422e-004 -0.1397065866189208
    5.2700682176091431e-004 0.0903043936724979 -0.9778091292388927
    3.7435625270740206e-008 9.8769195291578652e-007 0.0898161249477564</data></SIFT_H_007_006_optimized>
</opencv_storage>
