<?xml version="1.0"?>
<opencv_storage>
<SIFT_H_003_002_optimized type_id="opencv-matrix">
  <rows>3</rows>
  <cols>3</cols>
  <dt>d</dt>
  <data>
    0.0949600432807605 -1.6290055433908725e-004 -0.2023646975730943
    -2.8800935685351640e-004 0.0943312842630259 0.9654360323618525
    -2.3560153283280600e-008 -1.6506411023148084e-006 0.0952149468006631</data></SIFT_H_003_002_optimized>
</opencv_storage>
