<?xml version="1.0"?>
<opencv_storage>
<SIFT_H_010_009 type_id="opencv-matrix">
  <rows>3</rows>
  <cols>3</cols>
  <dt>d</dt>
  <data>
    0.1099091008133705 9.2321611656238629e-004 -0.9198290243921491
    2.8415471227758756e-004 0.1111051296087496 -0.3434116928941612
    -8.1832885323333822e-007 5.3169420648680800e-006 0.1075066588706728</data></SIFT_H_010_009>
</opencv_storage>
