<?xml version="1.0"?>
<opencv_storage>
<SIFT_H_021_020 type_id="opencv-matrix">
  <rows>3</rows>
  <cols>3</cols>
  <dt>d</dt>
  <data>
    0.0438494325718033 -1.6587806451352654e-003 0.9759640303310116
    1.6552974943848253e-004 0.0443526618261245 -0.2039386008749849
    -2.0388254720770325e-006 -7.1896264640794382e-007 0.0448391376731280</data></SIFT_H_021_020>
</opencv_storage>
