<?xml version="1.0"?>
<opencv_storage>
<SIFT_H_025_024_optimized type_id="opencv-matrix">
  <rows>3</rows>
  <cols>3</cols>
  <dt>d</dt>
  <data>
    0.1396079383407515 -5.2439315850590648e-003 0.6270381952754137
    2.4324733205062371e-003 0.1414627921687670 -0.7404897901064386
    -1.3923783208771951e-006 7.6922319980116273e-006 0.1377042431877217</data></SIFT_H_025_024_optimized>
</opencv_storage>
