<?xml version="1.0"?>
<opencv_storage>
<SIFT_H_015_014 type_id="opencv-matrix">
  <rows>3</rows>
  <cols>3</cols>
  <dt>d</dt>
  <data>
    0.0567800815569887 -3.6247686810085751e-003 0.9810571567335112
    5.0079968781220076e-004 0.0575479320478324 -0.1658407437345109
    -2.7965601323429715e-006 -3.6804029440669669e-006 0.0589454919841929</data></SIFT_H_015_014>
</opencv_storage>
