<?xml version="1.0"?>
<opencv_storage>
<SIFT_H_026_025 type_id="opencv-matrix">
  <rows>3</rows>
  <cols>3</cols>
  <dt>d</dt>
  <data>
    0.0410578140571746 -7.8681709682661247e-004 -0.2340833696074091
    9.7795915302498638e-004 0.0419523976881662 -0.9696501886666744
    2.9075129448032397e-007 4.5467143470498094e-006 0.0391939334461154</data></SIFT_H_026_025>
</opencv_storage>
