<?xml version="1.0"?>
<opencv_storage>
<SIFT_H_018_017 type_id="opencv-matrix">
  <rows>3</rows>
  <cols>3</cols>
  <dt>d</dt>
  <data>
    0.0718632436402046 -1.0723821388169874e-003 0.9506423556241724
    -6.2629312143852383e-004 0.0732596913132424 -0.2837487379305868
    -2.3030748896486293e-006 1.0638261473242848e-006 0.0723388899925835</data></SIFT_H_018_017>
</opencv_storage>
