<?xml version="1.0"?>
<opencv_storage>
<SIFT_H_009_008 type_id="opencv-matrix">
  <rows>3</rows>
  <cols>3</cols>
  <dt>d</dt>
  <data>
    0.1245205804028139 8.8872318732137673e-004 0.0459262295265138
    5.0375966251028817e-004 0.1253919427322516 -0.9756311585392207
    2.0286563532082443e-007 6.3757638554402283e-006 0.1216760701184982</data></SIFT_H_009_008>
</opencv_storage>
