<?xml version="1.0"?>
<opencv_storage>
<SIFT_H_002_001 type_id="opencv-matrix">
  <rows>3</rows>
  <cols>3</cols>
  <dt>d</dt>
  <data>
    0.3199003549444840 -1.9682293610755325e-003 0.7819111644067812
    1.0948027749912010e-003 0.3181218066075893 0.2872471447450534
    2.3870290019122065e-006 -6.4110145536676702e-006 0.3202517998579086</data></SIFT_H_002_001>
</opencv_storage>
