<?xml version="1.0"?>
<opencv_storage>
<SIFT_H_007_006 type_id="opencv-matrix">
  <rows>3</rows>
  <cols>3</cols>
  <dt>d</dt>
  <data>
    0.0725111230530911 2.3088908067460306e-004 -0.4969566726812891
    5.5861928122493559e-004 0.0720843547990408 -0.8588215151839748
    1.2246428587423286e-006 2.4827545732312540e-006 0.0707480599627777</data></SIFT_H_007_006>
</opencv_storage>
