<?xml version="1.0"?>
<opencv_storage>
<SIFT_H_008_007_optimized type_id="opencv-matrix">
  <rows>3</rows>
  <cols>3</cols>
  <dt>d</dt>
  <data>
    0.1110433395986044 -6.3492574607207516e-004 -0.5655016472573294
    -3.1468893961874775e-004 0.1113532168752303 -0.8019964448664628
    -3.1123753932652733e-007 -1.0859887539218708e-007 0.1108103110418353</data></SIFT_H_008_007_optimized>
</opencv_storage>
