<?xml version="1.0"?>
<opencv_storage>
<SIFT_H_025_024 type_id="opencv-matrix">
  <rows>3</rows>
  <cols>3</cols>
  <dt>d</dt>
  <data>
    0.1100275442313367 -4.3803213512759263e-003 0.9003460904978006
    1.3414389010835148e-003 0.1127192178050377 -0.3898643737918192
    -5.4728902921674377e-006 2.8990403079005005e-006 0.1120268633375854</data></SIFT_H_025_024>
</opencv_storage>
