<?xml version="1.0"?>
<opencv_storage>
<SIFT_H_012_011_optimized type_id="opencv-matrix">
  <rows>3</rows>
  <cols>3</cols>
  <dt>d</dt>
  <data>
    0.2635920777832836 -5.7963474601500980e-003 -0.5903512333293443
    3.3375705771627492e-003 0.2645808450976292 0.6667916335968839
    1.0001383464629380e-006 2.8377979920473425e-006 0.2595106829761488</data></SIFT_H_012_011_optimized>
</opencv_storage>
