<?xml version="1.0"?>
<opencv_storage>
<SIFT_H_026_025_optimized type_id="opencv-matrix">
  <rows>3</rows>
  <cols>3</cols>
  <dt>d</dt>
  <data>
    0.0644193948035635 -4.2390373483486635e-003 0.7749221127197279
    5.9556673612787422e-004 0.0648141040743687 -0.6219123083705715
    -2.4915474197468293e-006 -9.2529332785440954e-007 0.0659677895409454</data></SIFT_H_026_025_optimized>
</opencv_storage>
