<?xml version="1.0"?>
<opencv_storage>
<SIFT_H_008_007 type_id="opencv-matrix">
  <rows>3</rows>
  <cols>3</cols>
  <dt>d</dt>
  <data>
    0.0767334323506951 -7.5776320046812566e-005 -0.6189211939930697
    4.2701025309387037e-004 0.0764943034233363 -0.7743188864089448
    2.3013954381981217e-006 1.0332684806859924e-006 0.0750148758173575</data></SIFT_H_008_007>
</opencv_storage>
