<?xml version="1.0"?>
<opencv_storage>
<SIFT_H_018_017 type_id="opencv-matrix">
  <rows>3</rows>
  <cols>3</cols>
  <dt>d</dt>
  <data>
    0.0477562523293891 -1.8307721598069056e-003 0.9428557192869126
    5.3759095258149602e-006 0.0485257865971520 -0.3226564216435579
    -2.3963097219024044e-008 -1.8944906064054979e-008 0.0477196272314677</data></SIFT_H_018_017>
</opencv_storage>
