<?xml version="1.0"?>
<opencv_storage>
<SIFT_H_017_016 type_id="opencv-matrix">
  <rows>3</rows>
  <cols>3</cols>
  <dt>d</dt>
  <data>
    0.0701671864798378 -3.3146254691884870e-003 0.8369783787729310
    -2.3057999561740199e-004 0.0701777488443706 0.5333037242309008
    -1.7383427873593286e-006 -4.4761873302114279e-006 0.0720759374863361</data></SIFT_H_017_016>
</opencv_storage>
