<?xml version="1.0"?>
<opencv_storage>
<SIFT_H_020_019 type_id="opencv-matrix">
  <rows>3</rows>
  <cols>3</cols>
  <dt>d</dt>
  <data>
    0.0257818814454790 -2.3521606720073693e-003 0.9917454538516985
    -7.4691733885073880e-005 0.0262346854695680 0.1196314432085173
    -2.0535874872353995e-006 -2.6909231810676289e-006 0.0277627480203153</data></SIFT_H_020_019>
</opencv_storage>
