<?xml version="1.0"?>
<opencv_storage>
<SIFT_H_006_005 type_id="opencv-matrix">
  <rows>3</rows>
  <cols>3</cols>
  <dt>d</dt>
  <data>
    0.1066782897551723 -6.3117891183843118e-004 0.7140794327716201
    3.0272257880211058e-004 0.1068933172146592 -0.6751762262032702
    -5.8124223829220599e-007 7.6092935548455479e-007 0.1068676679989506</data></SIFT_H_006_005>
</opencv_storage>
