<?xml version="1.0"?>
<opencv_storage>
<SIFT_H_016_015_optimized type_id="opencv-matrix">
  <rows>3</rows>
  <cols>3</cols>
  <dt>d</dt>
  <data>
    0.5718192337767473 -0.0300745884086188 -0.0275587343417891
    7.1469123691084088e-003 0.5713795152264661 0.0972344351094044
    -1.0983955591061492e-005 -3.0385862631153362e-005 0.5791188427125026</data></SIFT_H_016_015_optimized>
</opencv_storage>
