<?xml version="1.0"?>
<opencv_storage>
<SIFT_H_021_020_optimized type_id="opencv-matrix">
  <rows>3</rows>
  <cols>3</cols>
  <dt>d</dt>
  <data>
    0.0403180069521365 -1.6841154860874634e-003 0.9526007873381210
    2.5425363226601945e-004 0.0410323605754223 -0.2959007691213370
    -1.6389010807604202e-006 -1.6231805730991920e-007 0.0410167966157341</data></SIFT_H_021_020_optimized>
</opencv_storage>
