<?xml version="1.0"?>
<opencv_storage>
<SIFT_H_027_026_optimized type_id="opencv-matrix">
  <rows>3</rows>
  <cols>3</cols>
  <dt>d</dt>
  <data>
    0.0646997047365303 -4.0834807869118287e-003 0.7334669003991465
    4.0282577468517982e-004 0.0652762239822414 -0.6701504449642892
    -3.0029790768877365e-006 -2.5216854754016371e-006 0.0667893166856879</data></SIFT_H_027_026_optimized>
</opencv_storage>
