<?xml version="1.0"?>
<opencv_storage>
<SIFT_H_008_007 type_id="opencv-matrix">
  <rows>3</rows>
  <cols>3</cols>
  <dt>d</dt>
  <data>
    0.2853303692075658 -6.6497683827113716e-003 0.8633959831359397
    -3.7744296026923671e-003 0.2843677253871723 0.0646691116467500
    -1.2197564129942657e-005 -1.9741545383979795e-005 0.2966957923406828</data></SIFT_H_008_007>
</opencv_storage>
