<?xml version="1.0"?>
<opencv_storage>
<SIFT_H_029_028 type_id="opencv-matrix">
  <rows>3</rows>
  <cols>3</cols>
  <dt>d</dt>
  <data>
    0.0596355435229524 3.9038072739490425e-004 -0.9554528508500492
    1.6038472063748595e-004 0.0606346996938323 -0.2764126618715805
    -1.6771218638914253e-006 3.2600237170167938e-006 0.0589300192391807</data></SIFT_H_029_028>
</opencv_storage>
