<?xml version="1.0"?>
<opencv_storage>
<SIFT_H_029_028 type_id="opencv-matrix">
  <rows>3</rows>
  <cols>3</cols>
  <dt>d</dt>
  <data>
    0.0704906478263947 1.5405664847998801e-004 -0.9439715611264599
    -1.6630941105502081e-004 0.0729416911821071 -0.3060645137609107
    -4.7552554199917267e-006 8.6781087058117088e-006 0.0703756489638820</data></SIFT_H_029_028>
</opencv_storage>
