<?xml version="1.0"?>
<opencv_storage>
<SIFT_H_009_008_optimized type_id="opencv-matrix">
  <rows>3</rows>
  <cols>3</cols>
  <dt>d</dt>
  <data>
    0.1101703957341888 -1.5309570424441327e-003 0.8533382448726327
    1.1020799664863771e-004 0.1104242880555590 -0.4850152826192579
    -1.9080693606195570e-006 -7.4542478075063296e-007 0.1106373354486915</data></SIFT_H_009_008_optimized>
</opencv_storage>
