<?xml version="1.0"?>
<opencv_storage>
<SIFT_H_021_020 type_id="opencv-matrix">
  <rows>3</rows>
  <cols>3</cols>
  <dt>d</dt>
  <data>
    0.0470295168964710 -1.5127140354482202e-003 0.9411710999002119
    2.2870506503853256e-004 0.0477023933296021 -0.3277549715704302
    -2.1546183210625792e-006 -3.6255030021576968e-007 0.0477912640560084</data></SIFT_H_021_020>
</opencv_storage>
