<?xml version="1.0"?>
<opencv_storage>
<SIFT_H_016_015 type_id="opencv-matrix">
  <rows>3</rows>
  <cols>3</cols>
  <dt>d</dt>
  <data>
    0.1715729765051162 -0.0108688031404054 0.7886072869199983
    2.4575370129409908e-003 0.1693740362595222 0.5376890257268253
    -2.6287301571413570e-006 -1.4505931977454746e-005 0.1753283708266930</data></SIFT_H_016_015>
</opencv_storage>
