<?xml version="1.0"?>
<opencv_storage>
<SIFT_H_014_013 type_id="opencv-matrix">
  <rows>3</rows>
  <cols>3</cols>
  <dt>d</dt>
  <data>
    0.0494103751562686 -3.5119116517513989e-003 0.9539649050835027
    6.4822029136589075e-004 0.0488504951965814 -0.2872384554522018
    -1.1426174715992055e-006 -5.5980255825488565e-006 0.0510344959687400</data></SIFT_H_014_013>
</opencv_storage>
