<?xml version="1.0"?>
<opencv_storage>
<SIFT_H_027_026 type_id="opencv-matrix">
  <rows>3</rows>
  <cols>3</cols>
  <dt>d</dt>
  <data>
    0.0771862069183577 -3.5219635311374217e-003 0.6136265291821540
    2.0166356841835753e-004 0.0782650235126914 -0.7777987836846423
    -5.2280419653629318e-006 -1.3291530058187912e-006 0.0799747798637784</data></SIFT_H_027_026>
</opencv_storage>
