<?xml version="1.0"?>
<opencv_storage>
<SIFT_H_019_018 type_id="opencv-matrix">
  <rows>3</rows>
  <cols>3</cols>
  <dt>d</dt>
  <data>
    0.1992034084730650 -3.2643758765207396e-003 0.9361617162930338
    -8.8013914033004375e-004 0.2017090801704005 0.0537195545022595
    -5.9616360040652211e-006 1.9882024904944182e-007 0.2008369204367917</data></SIFT_H_019_018>
</opencv_storage>
