<?xml version="1.0"?>
<opencv_storage>
<SIFT_H_020_019 type_id="opencv-matrix">
  <rows>3</rows>
  <cols>3</cols>
  <dt>d</dt>
  <data>
    0.0664917037687421 -1.7484159398270960e-003 0.9075209065724810
    3.9301267152213178e-004 0.0683087243104120 -0.4035252560011745
    -2.4899225528466655e-006 1.7866195108657208e-006 0.0669532074617212</data></SIFT_H_020_019>
</opencv_storage>
