<?xml version="1.0"?>
<opencv_storage>
<SIFT_H_017_016_optimized type_id="opencv-matrix">
  <rows>3</rows>
  <cols>3</cols>
  <dt>d</dt>
  <data>
    0.2077780462969543 -2.9993426443707884e-003 -0.1192035952322854
    -2.7726303511593694e-004 0.2082926712135625 0.9252795535203795
    -3.6478454882254813e-006 -4.3448006785885894e-007 0.2075611340592928</data></SIFT_H_017_016_optimized>
</opencv_storage>
