<?xml version="1.0"?>
<opencv_storage>
<SIFT_H_015_014_optimized type_id="opencv-matrix">
  <rows>3</rows>
  <cols>3</cols>
  <dt>d</dt>
  <data>
    0.1061117221452143 -3.4592564968849993e-003 0.5335500720181519
    1.6665222103089572e-003 0.1067718348559283 -0.8255521251895807
    -1.3208694250379715e-006 -1.9434542785361532e-007 0.1054198425140913</data></SIFT_H_015_014_optimized>
</opencv_storage>
