<?xml version="1.0"?>
<opencv_storage>
<SIFT_H_018_017_optimized type_id="opencv-matrix">
  <rows>3</rows>
  <cols>3</cols>
  <dt>d</dt>
  <data>
    0.0843235685887929 -6.8348202268688504e-004 0.9301777917232856
    -7.2647878259115824e-004 0.0858369285575039 -0.3363092441325759
    -2.7101644872453269e-006 1.5891150450142837e-006 0.0847698687215276</data></SIFT_H_018_017_optimized>
</opencv_storage>
