<?xml version="1.0"?>
<opencv_storage>
<SIFT_H_024_023_optimized type_id="opencv-matrix">
  <rows>3</rows>
  <cols>3</cols>
  <dt>d</dt>
  <data>
    0.0788226306375504 -4.0769561642822342e-003 0.9574045310077222
    1.7118056419368152e-003 0.0798262771346730 -0.2539134161233529
    -1.9687256475218679e-006 3.7871418965750873e-007 0.0793709496132352</data></SIFT_H_024_023_optimized>
</opencv_storage>
