<?xml version="1.0"?>
<opencv_storage>
<SIFT_H_019_018 type_id="opencv-matrix">
  <rows>3</rows>
  <cols>3</cols>
  <dt>d</dt>
  <data>
    0.3219030344463718 -3.0285778759226957e-003 0.7388870396643907
    -9.0864130232742282e-004 0.3258722722650441 -0.3754916780441643
    -6.5013950815699883e-006 4.6600130337030395e-006 0.3212905895628673</data></SIFT_H_019_018>
</opencv_storage>
