<?xml version="1.0"?>
<opencv_storage>
<SIFT_H_011_010_optimized type_id="opencv-matrix">
  <rows>3</rows>
  <cols>3</cols>
  <dt>d</dt>
  <data>
    0.1064550498141558 -1.3881478746617195e-003 -0.9479189730387934
    1.3367361074732404e-003 0.1061690204553326 -0.2611605523930632
    2.1368515004533359e-006 2.3864476081789264e-006 0.1031335738896228</data></SIFT_H_011_010_optimized>
</opencv_storage>
