<?xml version="1.0"?>
<opencv_storage>
<SIFT_H_017_016 type_id="opencv-matrix">
  <rows>3</rows>
  <cols>3</cols>
  <dt>d</dt>
  <data>
    0.0617641393236907 -2.9582281864983357e-003 0.7284609409770004
    -4.9688792015739592e-004 0.0616058402001411 0.6764815998704219
    -2.7112198559151044e-006 -4.2313718649966235e-006 0.0640173102967634</data></SIFT_H_017_016>
</opencv_storage>
