<?xml version="1.0"?>
<opencv_storage>
<SIFT_H_020_019_optimized type_id="opencv-matrix">
  <rows>3</rows>
  <cols>3</cols>
  <dt>d</dt>
  <data>
    0.0650703836050522 -2.1376477046244169e-003 0.9585141072926304
    5.0773857126328135e-004 0.0658252346159513 -0.2614645943144273
    -2.0964320317424182e-006 -5.5809834682311171e-007 0.0656888755070295</data></SIFT_H_020_019_optimized>
</opencv_storage>
