<?xml version="1.0"?>
<opencv_storage>
<SIFT_H_022_021_optimized type_id="opencv-matrix">
  <rows>3</rows>
  <cols>3</cols>
  <dt>d</dt>
  <data>
    0.0450835889172098 -2.2060887375178291e-003 0.8912694923306425
    4.8573768367407810e-004 0.0456253520124697 -0.4465618646224269
    -1.4816760381827260e-006 -8.1964513545817419e-007 0.0458463477086238</data></SIFT_H_022_021_optimized>
</opencv_storage>
