<?xml version="1.0"?>
<opencv_storage>
<SIFT_H_014_013_optimized type_id="opencv-matrix">
  <rows>3</rows>
  <cols>3</cols>
  <dt>d</dt>
  <data>
    0.0783446283273255 -2.0557649550796077e-003 0.3666435368660006
    1.0930887434869036e-003 0.0786759981728361 -0.9204533107067904
    -5.8169267317833810e-007 2.2695841613550472e-007 0.0774919685781595</data></SIFT_H_014_013_optimized>
</opencv_storage>
