<?xml version="1.0"?>
<opencv_storage>
<SIFT_H_024_023 type_id="opencv-matrix">
  <rows>3</rows>
  <cols>3</cols>
  <dt>d</dt>
  <data>
    0.0332683357344095 -3.2482879845254493e-003 0.9976327109956420
    6.9851171794776750e-004 0.0341190564315502 -0.0355090669470877
    -1.0523228756360840e-006 -6.9956539927567216e-007 0.0344405088038651</data></SIFT_H_024_023>
</opencv_storage>
