<?xml version="1.0"?>
<opencv_storage>
<SIFT_H_013_012 type_id="opencv-matrix">
  <rows>3</rows>
  <cols>3</cols>
  <dt>d</dt>
  <data>
    0.0911511370739219 -6.2864762733001668e-004 0.1289468017780553
    2.1829186405237272e-005 0.0922601090574776 -0.9789160038205469
    -2.4248919880899896e-006 1.5687711839775322e-006 0.0909688220181034</data></SIFT_H_013_012>
</opencv_storage>
