<?xml version="1.0"?>
<opencv_storage>
<SIFT_H_007_006 type_id="opencv-matrix">
  <rows>3</rows>
  <cols>3</cols>
  <dt>d</dt>
  <data>
    0.0945846534899450 -3.4126981231761167e-004 -0.3011685114355689
    2.6331518017810797e-004 0.0948123932173115 -0.9393739899159566
    -9.5592338886810729e-007 1.1383234964415531e-006 0.0945420668457938</data></SIFT_H_007_006>
</opencv_storage>
