<?xml version="1.0"?>
<opencv_storage>
<SIFT_H_013_012 type_id="opencv-matrix">
  <rows>3</rows>
  <cols>3</cols>
  <dt>d</dt>
  <data>
    0.0689224163837631 -1.0663647365638453e-003 0.1604753921018300
    6.7183548092601231e-004 0.0693168989534644 -0.9798316425386247
    3.2301538591952607e-008 8.0602990432494097e-008 0.0679770575448151</data></SIFT_H_013_012>
</opencv_storage>
