<?xml version="1.0"?>
<opencv_storage>
<SIFT_H_025_024 type_id="opencv-matrix">
  <rows>3</rows>
  <cols>3</cols>
  <dt>d</dt>
  <data>
    0.0203464070836312 -3.1066762783851037e-003 0.9317772132917690
    -1.4102865283528561e-004 0.0201058751798063 0.3611723973763101
    -2.0432877044532201e-006 -4.0803159207373463e-006 0.0227558853554704</data></SIFT_H_025_024>
</opencv_storage>
