<?xml version="1.0"?>
<opencv_storage>
<SIFT_H_006_005_optimized type_id="opencv-matrix">
  <rows>3</rows>
  <cols>3</cols>
  <dt>d</dt>
  <data>
    0.1427192735763259 2.8753269020165067e-004 0.4748767392736565
    2.1324425292411012e-004 0.1424818102628813 -0.8447628882986862
    -7.3572773575796217e-007 2.0916030432398964e-006 0.1421188220858302</data></SIFT_H_006_005_optimized>
</opencv_storage>
