<?xml version="1.0"?>
<opencv_storage>
<SIFT_H_022_021 type_id="opencv-matrix">
  <rows>3</rows>
  <cols>3</cols>
  <dt>d</dt>
  <data>
    0.0596375870094544 -1.9059415533234424e-003 0.8270664407280378
    3.0857516355629410e-005 0.0608824476347417 -0.5523314813768332
    -3.4578626435332420e-006 1.7690514790590039e-006 0.0602004111841729</data></SIFT_H_022_021>
</opencv_storage>
