<?xml version="1.0"?>
<opencv_storage>
<SIFT_H_027_026 type_id="opencv-matrix">
  <rows>3</rows>
  <cols>3</cols>
  <dt>d</dt>
  <data>
    0.0416675003306465 -3.6501102691240657e-003 0.9471535509641602
    -1.9594405538709241e-005 0.0426023417664699 -0.3120409776737733
    -3.2153281352190822e-006 -2.4267819603628168e-006 0.0443408991275682</data></SIFT_H_027_026>
</opencv_storage>
