<?xml version="1.0"?>
<opencv_storage>
<SIFT_H_013_012_optimized type_id="opencv-matrix">
  <rows>3</rows>
  <cols>3</cols>
  <dt>d</dt>
  <data>
    0.0742346174052675 -1.1125221291894143e-003 0.1979574018765147
    4.9880399977610102e-004 0.0747692264249676 -0.9717723579938805
    -3.7178144116800660e-007 8.8998623350397781e-007 0.0732710661036852</data></SIFT_H_013_012_optimized>
</opencv_storage>
