<?xml version="1.0"?>
<opencv_storage>
<SIFT_H_002_001 type_id="opencv-matrix">
  <rows>3</rows>
  <cols>3</cols>
  <dt>d</dt>
  <data>
    0.3600254025612495 1.1972203596584568e-003 -0.4631314872732693
    2.3311636829843590e-003 0.3591612576594568 -0.6340537372271239
    8.2634590350181997e-006 7.7365369335228713e-006 0.3533597550975625</data></SIFT_H_002_001>
</opencv_storage>
