<?xml version="1.0"?>
<opencv_storage>
<SIFT_H_004_003 type_id="opencv-matrix">
  <rows>3</rows>
  <cols>3</cols>
  <dt>d</dt>
  <data>
    0.2338447261031045 -2.7857854032509627e-004 0.2744203145064242
    -7.9021035532108339e-004 0.2340480440139405 0.8718013529669106
    -1.4190923477042011e-006 6.3489797826795308e-009 0.2349326437042104</data></SIFT_H_004_003>
</opencv_storage>
