<?xml version="1.0"?>
<opencv_storage>
<SIFT_H_024_023 type_id="opencv-matrix">
  <rows>3</rows>
  <cols>3</cols>
  <dt>d</dt>
  <data>
    0.0952623076122086 -4.0699787921242509e-003 0.9141498668587506
    1.7564262314359183e-003 0.0977344907633150 -0.3695990157188427
    -3.4151217970879647e-006 5.4910656627738002e-006 0.0952890380008859</data></SIFT_H_024_023>
</opencv_storage>
