<?xml version="1.0"?>
<opencv_storage>
<SIFT_H_010_009 type_id="opencv-matrix">
  <rows>3</rows>
  <cols>3</cols>
  <dt>d</dt>
  <data>
    0.4193635441730385 -3.5897126028252265e-003 -0.5701042768683977
    -4.2399530820582900e-004 0.4214867059765521 0.3826353498660918
    -3.8178943050773480e-006 1.7854480414256961e-006 0.4183795061980475</data></SIFT_H_010_009>
</opencv_storage>
