<?xml version="1.0"?>
<opencv_storage>
<SIFT_H_015_014 type_id="opencv-matrix">
  <rows>3</rows>
  <cols>3</cols>
  <dt>d</dt>
  <data>
    0.1075024051815762 -1.7774350037380107e-003 0.0787947936217688
    1.3395409449493637e-003 0.1096991364859697 -0.9792778335361965
    -2.3196270362319947e-006 5.8052723233913409e-006 0.1058805170602578</data></SIFT_H_015_014>
</opencv_storage>
