<?xml version="1.0"?>
<opencv_storage>
<SIFT_H_028_027 type_id="opencv-matrix">
  <rows>3</rows>
  <cols>3</cols>
  <dt>d</dt>
  <data>
    0.0917323564254564 -2.4331328736839400e-003 0.6178338965314780
    -1.3900318009436249e-003 0.0955850939735560 -0.7694084853351889
    -6.3300194932273858e-006 5.9216827718260332e-006 0.0934487623594703</data></SIFT_H_028_027>
</opencv_storage>
