<?xml version="1.0"?>
<opencv_storage>
<SIFT_H_012_011 type_id="opencv-matrix">
  <rows>3</rows>
  <cols>3</cols>
  <dt>d</dt>
  <data>
    0.1822287617084449 -4.9023409400372007e-003 0.6955505102223748
    1.5999567054288575e-003 0.1864499318406751 0.6438312179773333
    -4.0916492449956299e-006 3.2872471330505397e-006 0.1835575086296739</data></SIFT_H_012_011>
</opencv_storage>
