<?xml version="1.0"?>
<opencv_storage>
<SIFT_H_012_011 type_id="opencv-matrix">
  <rows>3</rows>
  <cols>3</cols>
  <dt>d</dt>
  <data>
    0.0537461746712032 -3.1338618250225650e-003 0.7047247982969260
    9.1859125076940696e-005 0.0535824465627186 0.7031400725789282
    -2.6315678239558261e-006 -5.6133743033478290e-006 0.0564573959827250</data></SIFT_H_012_011>
</opencv_storage>
