<?xml version="1.0"?>
<opencv_storage>
<SIFT_H_010_009_optimized type_id="opencv-matrix">
  <rows>3</rows>
  <cols>3</cols>
  <dt>d</dt>
  <data>
    0.3152039605998722 -4.1592650478388853e-003 -0.7578702435419525
    1.4764799844157577e-004 0.3141605164964349 0.3597533991863375
    -6.2778575749110319e-007 -4.3087851166337161e-006 0.3132770299906384</data></SIFT_H_010_009_optimized>
</opencv_storage>
