<?xml version="1.0"?>
<opencv_storage>
<SIFT_H_023_022 type_id="opencv-matrix">
  <rows>3</rows>
  <cols>3</cols>
  <dt>d</dt>
  <data>
    0.0457389163719759 -9.2451158823632633e-004 0.0788693471717802
    1.8471025451987910e-003 0.0465021380032916 -0.9937599125850936
    -1.3352782833584540e-007 2.9057599640936829e-006 0.0442955797778316</data></SIFT_H_023_022>
</opencv_storage>
