<?xml version="1.0"?>
<opencv_storage>
<SIFT_H_011_010 type_id="opencv-matrix">
  <rows>3</rows>
  <cols>3</cols>
  <dt>d</dt>
  <data>
    0.0777572746179530 -2.9991593070061748e-004 -0.9069172881003631
    1.4496639102762417e-003 0.0776728316862810 -0.3998126070983870
    2.2065521504967895e-006 3.0759466372261363e-006 0.0746287995504962</data></SIFT_H_011_010>
</opencv_storage>
