<?xml version="1.0"?>
<opencv_storage>
<SIFT_H_004_003 type_id="opencv-matrix">
  <rows>3</rows>
  <cols>3</cols>
  <dt>d</dt>
  <data>
    0.1526415602237864 -1.4251433138802285e-003 0.4973922501036245
    -4.3899908480888401e-004 0.1518082673630495 0.8260676899130620
    -1.0461870515386723e-006 -3.6313244130480355e-006 0.1544852792446099</data></SIFT_H_004_003>
</opencv_storage>
