<?xml version="1.0"?>
<opencv_storage>
<SIFT_H_001_000_optimized type_id="opencv-matrix">
  <rows>3</rows>
  <cols>3</cols>
  <dt>d</dt>
  <data>
    0.5179348965039493 -1.0836914170583277e-003 0.4144018463278973
    1.3745234078019951e-004 0.5170382429097800 0.1524770834725823
    -1.2382476548618926e-006 -1.8140028564899214e-006 0.5190718195422270</data></SIFT_H_001_000_optimized>
</opencv_storage>
