<?xml version="1.0"?>
<opencv_storage>
<SIFT_H_004_003_optimized type_id="opencv-matrix">
  <rows>3</rows>
  <cols>3</cols>
  <dt>d</dt>
  <data>
    0.1852730936442945 -1.4504556609849894e-003 0.5436534404486713
    -5.6062580169232053e-004 0.1852372020343553 0.7750786666227120
    -2.0248594116392148e-006 -2.4265493636779393e-006 0.1872234997422496</data></SIFT_H_004_003_optimized>
</opencv_storage>
