<?xml version="1.0"?>
<opencv_storage>
<SIFT_H_005_004_optimized type_id="opencv-matrix">
  <rows>3</rows>
  <cols>3</cols>
  <dt>d</dt>
  <data>
    0.1543566429029455 -1.4644129768345360e-003 0.9053524969613022
    -2.4718707361085418e-004 0.1552278326997959 -0.3286632417176871
    -1.9372098923846061e-006 -1.0035105747113322e-006 0.1561840930602003</data></SIFT_H_005_004_optimized>
</opencv_storage>
