<?xml version="1.0"?>
<opencv_storage>
<SIFT_H_005_004 type_id="opencv-matrix">
  <rows>3</rows>
  <cols>3</cols>
  <dt>d</dt>
  <data>
    0.0527752862414525 1.3257234675567728e-003 -0.8862450870949616
    7.4940040339088862e-004 0.0507556535922019 -0.4547581622491252
    3.8486869422590171e-006 1.1342745647155719e-006 0.0489997254954286</data></SIFT_H_005_004>
</opencv_storage>
