<?xml version="1.0"?>
<opencv_storage>
<SIFT_H_028_027 type_id="opencv-matrix">
  <rows>3</rows>
  <cols>3</cols>
  <dt>d</dt>
  <data>
    0.0674565509598390 -3.3509814067727950e-003 0.9691626477289403
    -8.1614923392139620e-004 0.0689147328496607 -0.2154543234904982
    -4.7326486613550987e-006 -2.0138360152542234e-006 0.0706517859840074</data></SIFT_H_028_027>
</opencv_storage>
