<?xml version="1.0"?>
<opencv_storage>
<SIFT_H_003_002 type_id="opencv-matrix">
  <rows>3</rows>
  <cols>3</cols>
  <dt>d</dt>
  <data>
    0.0615309656766066 -1.3977102195324069e-003 0.3434941410544158
    -4.5876465317979889e-004 0.0608204780505688 0.9329860945043208
    -1.5635787847888431e-006 -4.7976375149778258e-006 0.0637288643484364</data></SIFT_H_003_002>
</opencv_storage>
