<?xml version="1.0"?>
<opencv_storage>
<SIFT_H_003_002 type_id="opencv-matrix">
  <rows>3</rows>
  <cols>3</cols>
  <dt>d</dt>
  <data>
    0.0589187762371029 -1.2408448277297791e-003 0.4441551188686261
    -6.4480698813178272e-004 0.0589121844698486 0.8899681722902016
    -1.8484129110446804e-006 -3.2824224340708721e-006 0.0611462143948256</data></SIFT_H_003_002>
</opencv_storage>
