<?xml version="1.0"?>
<opencv_storage>
<SIFT_H_023_022_optimized type_id="opencv-matrix">
  <rows>3</rows>
  <cols>3</cols>
  <dt>d</dt>
  <data>
    0.0495102720617401 -2.1437173930277001e-003 0.5347761636562777
    1.3358595285669886e-003 0.0505901023079073 -0.8406020305669092
    -7.7982382687234945e-007 2.6339071106192252e-006 0.0488433767078460</data></SIFT_H_023_022_optimized>
</opencv_storage>
