<?xml version="1.0"?>
<opencv_storage>
<SIFT_H_014_013 type_id="opencv-matrix">
  <rows>3</rows>
  <cols>3</cols>
  <dt>d</dt>
  <data>
    0.0650833996556161 -3.0230487611720628e-003 0.7956532488613477
    7.4788236105890170e-004 0.0650614050319029 -0.5951408605659243
    -8.3044296826008087e-007 -1.9331426078611630e-006 0.0653049015733893</data></SIFT_H_014_013>
</opencv_storage>
