<?xml version="1.0"?>
<opencv_storage>
<SIFT_H_011_010 type_id="opencv-matrix">
  <rows>3</rows>
  <cols>3</cols>
  <dt>d</dt>
  <data>
    0.2186484869237021 -7.8255174578318772e-003 0.0790628564962192
    6.5360334508562695e-004 0.2185772252414402 0.9215387234053306
    -4.4987513422994854e-006 -7.6779974789968201e-006 0.2210669938250719</data></SIFT_H_011_010>
</opencv_storage>
