<?xml version="1.0"?>
<opencv_storage>
<SIFT_H_029_028_optimized type_id="opencv-matrix">
  <rows>3</rows>
  <cols>3</cols>
  <dt>d</dt>
  <data>
    0.0623724378173132 1.7040705811272031e-004 -0.9372034073809594
    1.2210978639981077e-004 0.0638143961253173 -0.3315281737848467
    -1.9171971144616782e-006 5.0153906544693652e-006 0.0614508018669836</data></SIFT_H_029_028_optimized>
</opencv_storage>
