<?xml version="1.0"?>
<opencv_storage>
<SIFT_H_001_000 type_id="opencv-matrix">
  <rows>3</rows>
  <cols>3</cols>
  <dt>d</dt>
  <data>
    0.2196850432653250 1.5375834322342795e-003 -0.7806550865581485
    9.5985845743184724e-004 0.2187910108354623 -0.4977968430663030
    3.6620111989106926e-006 4.3795348836469576e-006 0.2159667305016240</data></SIFT_H_001_000>
</opencv_storage>
