<?xml version="1.0"?>
<opencv_storage>
<SIFT_H_009_008 type_id="opencv-matrix">
  <rows>3</rows>
  <cols>3</cols>
  <dt>d</dt>
  <data>
    0.1273437134591145 -7.6184806582842949e-004 0.5122088069967935
    3.5922838901869048e-004 0.1280397236932363 -0.8302159665010034
    -4.6238796805292827e-007 3.8370268766280804e-006 0.1255877594683560</data></SIFT_H_009_008>
</opencv_storage>
