<?xml version="1.0"?>
<opencv_storage>
<SIFT_H_002_001_optimized type_id="opencv-matrix">
  <rows>3</rows>
  <cols>3</cols>
  <dt>d</dt>
  <data>
    0.3467835807607401 -4.6440118270063378e-004 0.5208930010176179
    -4.3252758370160353e-004 0.3466930353554049 0.6063633063216909
    -1.3383684292086705e-006 2.9603346923068876e-007 0.3471868471556122</data></SIFT_H_002_001_optimized>
</opencv_storage>
