<?xml version="1.0"?>
<opencv_storage>
<SIFT_H_001_000 type_id="opencv-matrix">
  <rows>3</rows>
  <cols>3</cols>
  <dt>d</dt>
  <data>
    0.1211030267901709 -1.7460291226696831e-003 0.8359996905699555
    -9.9303133481719232e-004 0.1215506316297358 0.5059463958555507
    -4.9076514377392873e-006 -4.9936761752319318e-006 0.1252127308321226</data></SIFT_H_001_000>
</opencv_storage>
