<?xml version="1.0"?>
<opencv_storage>
<SIFT_H_026_025 type_id="opencv-matrix">
  <rows>3</rows>
  <cols>3</cols>
  <dt>d</dt>
  <data>
    0.0648128873703103 -4.0407665570067232e-003 0.7458389305411806
    5.5403879159638140e-004 0.0655348423640666 -0.6563619135185655
    -2.6947433640816455e-006 -1.9732556859285562e-007 0.0663412954186465</data></SIFT_H_026_025>
</opencv_storage>
